116830
116831
116832
116840
116843
116850
116853
116860
116864
116866
116867
116869
116871
116873
116874
116877
116880
116881
116882
116884
116885
116887
116888
116890
116897
116898
116900
116905
116906
116908
116910
116911
116912
116916
116918
116922
116926
116930
116938
116941
116944
116952
116953
116957
116960
116961
116963
116965
116966
116971
116975
116977
116979
116985
116986
116991
116994
116995
116997
117000
117005
117007
117008
117010
117015
117016
117018
117021
117025
117029
117030
117034
117037
117039
117040
117042
117045
117048
117049
117055
117059
117063
117065
117068
117072
117076
117082
117083
117085
117089
117090
117094
117099
117100
117104
117106
117108
117112
117116
117117
117120
117125
117128
117133
117136
117137
117141
117144
117148
117152
117154
117159
117160
117162
117165
117168
117170
117173
117175
117177
117179
117180
117182
117185
117189
117191
117194
117196
117197
117203
117210
117214
117216
117221
117229
117230
117232
117234
117236
117243
117245
117246
117249
117252
117255
117257
117261
117262
117267
117268
117271
117273
117275
117277
117279
117283
117284
117293
117296
117297
117298
117303
117305
117307
117308
117309
117311
117312
117315
117316
117319
117322
117326
117327
117329
117330
117331
117333
117335
117336
117340
117344
117348
117349
117354
117358
117360
117363
117364
117365
117368
117370
117372
117376
117377
117387
117391
117400
117409
117412
117419
117425
117434
117438
117439
117443
117449
117452
117457
117466
117470
117475
117482
117484
117485
117486
117489
117495
117497
117499
117501
117502
117505
117508
117510
117513
117514
117517
117519
117521
117522
117525
117530
117534
117536
117538
117539
117541
117543
117544
117545
117547
117549
117550
117553
117555
117556
117557
117562
117567
117568
117573
117575
117576
117578
117581
117582
117584
117586
117588
117592
117594
117595
117601
117602
117605
117608
117609
117610
117612
117617
117626
117628
117630
117634
117636
117641
117642
117645
117647
117649
117652
117654
117655
117660
117664
117666
117667
117668
117670
117673
117674
117675
117678
117680
117681
117683
117685
117686
117690
117692
117693
117695
117697
117698
117702
117704
117705
117707
117709
117711
117712
117714
117715
117716
117719
117724
117729
117731
117732
117734
117736
117738
117739
117742
117744
117745
117748
117750
117752
117753
117756
117760
117762
117763
117766
117768
117770
117774
117775
117776
117780
117786
117788
117789
117790
117794
117796
117800
117803
117805
117810
117811
117812
117814
117817
117819
117821
117823
117825
117827
117828
117831
117833
117835
117836
117838
117839
117840
117844
117845
117849
117850
117852
117853
117858
117861
117862
117863
117866
117868
117870
117875
117876
117879
117882
117883
117888
117889
117890
117892
117893
117894